0.000 2.123 5.782 12.575 16.013 12.709 0.000 1000.000 1000.000 1000.000 1000.000 1000.000
2.123 0.000 7.841 13.033 17.808 14.079 1000.000 0.000 1000.000 1000.000 1000.000 1000.000
5.782 7.841 0.000 11.782 11.040 9.143 1000.000 1000.000 0.000 1000.000 1000.000 1000.000
12.575 13.033 11.782 0.000 12.187 6.299 1000.000 1000.000 1000.000 0.000 1000.000 1000.000
16.013 17.808 11.040 12.187 0.000 5.976 1000.000 1000.000 1000.000 1000.000 0.000 1000.000
12.709 14.079 9.143 6.299 5.976 0.000 1000.000 1000.000 1000.000 1000.000 1000.000 0.000
0.000 1000.000 1000.000 1000.000 1000.000 1000.000 0.000 0.000 0.000 0.000 0.000 0.000
1000.000 0.000 1000.000 1000.000 1000.000 1000.000 0.000 0.000 0.000 0.000 0.000 0.000
1000.000 1000.000 0.000 1000.000 1000.000 1000.000 0.000 0.000 0.000 0.000 0.000 0.000
1000.000 1000.000 1000.000 0.000 1000.000 1000.000 0.000 0.000 0.000 0.000 0.000 0.000
1000.000 1000.000 1000.000 1000.000 0.000 1000.000 0.000 0.000 0.000 0.000 0.000 0.000
1000.000 1000.000 1000.000 1000.000 1000.000 0.000 0.000 0.000 0.000 0.000 0.000 0.000
