0.000 2.790 5.204 12.181 17.710 13.250 0.000 1000.000 1000.000 1000.000 1000.000 1000.000
2.790 0.000 7.941 13.351 20.194 15.433 1000.000 0.000 1000.000 1000.000 1000.000 1000.000
5.204 7.941 0.000 12.086 14.199 10.584 1000.000 1000.000 0.000 1000.000 1000.000 1000.000
12.181 13.351 12.086 0.000 13.152 6.439 1000.000 1000.000 1000.000 0.000 1000.000 1000.000
17.710 20.194 14.199 13.152 0.000 7.373 1000.000 1000.000 1000.000 1000.000 0.000 1000.000
13.250 15.433 10.584 6.439 7.373 0.000 1000.000 1000.000 1000.000 1000.000 1000.000 0.000
0.000 1000.000 1000.000 1000.000 1000.000 1000.000 0.000 0.000 0.000 0.000 0.000 0.000
1000.000 0.000 1000.000 1000.000 1000.000 1000.000 0.000 0.000 0.000 0.000 0.000 0.000
1000.000 1000.000 0.000 1000.000 1000.000 1000.000 0.000 0.000 0.000 0.000 0.000 0.000
1000.000 1000.000 1000.000 0.000 1000.000 1000.000 0.000 0.000 0.000 0.000 0.000 0.000
1000.000 1000.000 1000.000 1000.000 0.000 1000.000 0.000 0.000 0.000 0.000 0.000 0.000
1000.000 1000.000 1000.000 1000.000 1000.000 0.000 0.000 0.000 0.000 0.000 0.000 0.000
